0.2389550805091858
0.2590886056423187
0.27084827423095703
0.2372850626707077
0.27155500650405884
0.3063773512840271
0.25441065430641174
0.2621035575866699
0.2455805093050003
0.23692482709884644
0.2593250274658203
0.19524885714054108
0.27222931385040283
0.262570858001709
0.25893673300743103
0.2585916519165039
0.28341060876846313
0.30434924364089966
0.2763286530971527
0.2817573845386505
0.26048001646995544
0.25698018074035645
0.28041720390319824
0.29165610671043396
0.25964540243148804
0.2791793942451477
0.2644554376602173
0.2772049307823181
0.22046442329883575
0.2772783637046814
0.247170090675354
0.22571778297424316
0.22765283286571503
0.2889530062675476
0.24383175373077393
0.24648533761501312
0.23831208050251007
0.24325613677501678
0.25186312198638916
0.2914391756057739
0.30428269505500793
0.2574993669986725
0.2714962661266327
0.24812960624694824
0.26582565903663635
0.22711044549942017
0.29204633831977844
0.2922494411468506
0.2515687644481659
0.25522735714912415
0.2593463063240051
0.25584545731544495
0.22105705738067627
0.22349867224693298
0.2542791962623596
0.2637425661087036
0.2714281678199768
0.1918923705816269
0.24627192318439484
0.2682151794433594
0.23453877866268158
0.2764918804168701
0.21496061980724335
0.21078301966190338
0.19850130379199982
0.28296151757240295
0.24039173126220703
0.24207350611686707
0.21200497448444366
0.22424742579460144
0.21653516590595245
0.23241035640239716
0.25750768184661865
0.24321843683719635
0.253824383020401
0.2529155910015106
0.22602534294128418
0.23817452788352966
0.23168793320655823
0.22291511297225952
0.20845189690589905
0.21427741646766663
0.23837023973464966
0.2555835545063019
0.2577762007713318
0.2704252600669861
0.2953621745109558
0.24385397136211395
0.22029905021190643
0.29216068983078003
0.2707659602165222
0.25649094581604004
0.27305087447166443
0.2649155855178833
0.23471476137638092
0.27005842328071594
0.24053813517093658
0.23666580021381378
0.23802872002124786
0.23333312571048737
0.23329214751720428
0.23056453466415405
0.24744683504104614
0.25208210945129395
0.245488703250885
0.2295898199081421
0.24128907918930054
0.2433072179555893
0.28944650292396545
0.22748972475528717
0.23642823100090027
0.24391795694828033
0.2135523110628128
0.21756593883037567
0.24831479787826538
0.23495663702487946
0.254696786403656
0.27370569109916687
0.26994433999061584
0.2845948040485382
0.27341917157173157
0.27385422587394714
0.25815919041633606
0.24452628195285797
0.22451838850975037
0.26700156927108765
0.3075876533985138
0.2980647683143616
0.2617062032222748
0.2408301681280136
0.3082418143749237
0.24408000707626343
0.2502107322216034
0.23989343643188477
0.2473517805337906
0.22126120328903198
0.21346907317638397
0.23448796570301056
0.23665161430835724
0.23938359320163727
0.24372899532318115
0.2847127914428711
0.25465214252471924
0.24603217840194702
0.2358611673116684
0.2826463580131531
0.25841981172561646
0.23776182532310486
0.25381025671958923
0.20259049534797668
0.22578220069408417
0.26359570026397705
0.20475232601165771
0.2555243670940399
0.23701925575733185
0.24806861579418182
0.2551598846912384
0.20392975211143494
0.24404276907444
0.24418075382709503
0.21893082559108734
0.23004943132400513
0.2554672956466675
0.23638516664505005
0.21727687120437622
0.2466437965631485
0.2635912597179413
0.2594635784626007
0.23716673254966736
0.27999812364578247
0.23996593058109283
0.2806505858898163
0.23476223647594452
0.2323949933052063
0.25115808844566345
0.28031522035598755
0.2411452829837799
0.24527867138385773
0.20860908925533295
0.22915731370449066
0.23568753898143768
0.25690287351608276
0.22835417091846466
0.22725166380405426
0.24697184562683105
0.26081982254981995
0.25542283058166504
0.26013433933258057
0.2523307204246521
0.25194400548934937
0.26251596212387085
0.23288941383361816
0.2873851954936981
0.2857465147972107
0.25963035225868225
0.33992820978164673
0.22586402297019958
0.22009602189064026
0.2544623911380768
0.2414398044347763
0.2120196372270584
0.2697581648826599
0.280640184879303
0.27273887395858765
0.23165911436080933
0.20837146043777466
0.306565523147583
0.20080827176570892
0.23257571458816528
0.28252533078193665
0.24967314302921295
0.3048554062843323
0.24017968773841858
0.26728662848472595
0.2965714633464813
0.21475009620189667
0.2290695607662201
0.2531036138534546
0.25827792286872864
0.2625323534011841
0.200363889336586
0.276237815618515
0.22120732069015503
0.22762587666511536
0.23382733762264252
0.19566214084625244
0.21091017127037048
0.21986214816570282
0.2683209180831909
0.2614023983478546
0.2757573425769806
0.23840445280075073
0.236196830868721
0.24574725329875946
0.25533527135849
0.24519215524196625
0.24048766493797302
0.26317310333251953
0.21586409211158752
0.22124743461608887
0.21626520156860352
0.21689355373382568
0.242648184299469
0.2574288547039032
0.31181278824806213
0.26180949807167053
0.24332290887832642
0.24817495048046112
0.2719506025314331
0.27607011795043945
0.2725614309310913
0.2770930528640747
0.23073963820934296
0.2525489628314972
0.26351675391197205
0.27574509382247925
0.24162507057189941
0.2564721405506134
0.27139610052108765
0.22908838093280792
0.3097738027572632
0.23924030363559723
0.25602278113365173
0.28053897619247437
0.20679953694343567
0.2249128520488739
0.2615218460559845
0.2347535938024521
0.2474035769701004
0.19035786390304565
0.295204222202301
0.2610946595668793
0.21652112901210785
0.26813939213752747
0.2655242085456848
0.21747812628746033
0.23891136050224304
0.27567189931869507
0.2541347146034241
0.30037635564804077
0.27295631170272827
0.24926699697971344
0.2832549512386322
0.21403171122074127
0.256923645734787
0.25311174988746643
0.257031112909317
0.25909414887428284
0.20855940878391266
0.2165765017271042
0.22447054088115692
0.23258551955223083
0.28046709299087524
0.27776792645454407
0.25747987627983093
0.21197551488876343
0.24226266145706177
0.2721131145954132
0.25334885716438293
0.25196072459220886
0.22262656688690186
0.28590157628059387
0.24442504346370697
0.2576565146446228
0.2545691728591919
0.2543478310108185
0.23267100751399994
0.2888638377189636
0.23971335589885712
0.24392732977867126
0.29587027430534363
0.25705838203430176
0.28538399934768677
0.23566460609436035
0.2374415099620819
0.2792135775089264
0.25412705540657043
0.22907118499279022
0.25785622000694275
0.2858705520629883
0.26428794860839844
0.2245292067527771
0.24931025505065918
0.30143266916275024
0.24796715378761292
0.22288204729557037
0.2605532109737396
0.249796524643898
0.2508067488670349
0.24480198323726654
0.234804168343544
0.23070120811462402
0.24866873025894165
0.2749682664871216
0.2337224930524826
0.22352087497711182
0.27826714515686035
0.255413293838501
0.23974087834358215
0.2396078109741211
0.28174296021461487
0.25108131766319275
0.30201485753059387
0.30217602849006653
0.2832285165786743
0.26379358768463135
0.2954123020172119
0.2818789482116699
0.257591187953949
0.27557480335235596
0.2594344913959503
0.26572108268737793
0.25921642780303955
0.2679613530635834
0.27134454250335693
0.24138301610946655
0.25666987895965576
0.23552456498146057
0.26392555236816406
0.2167864888906479
0.24046827852725983
0.21903152763843536
0.22108255326747894
0.24447336792945862
0.3035113513469696
0.2862722873687744
0.22917254269123077
0.23304873704910278
0.23925793170928955
0.20145761966705322
0.2533159554004669
0.22546865046024323
0.22274360060691833
0.18570742011070251
0.224563330411911
0.27883589267730713
0.2651408016681671
0.29520928859710693
0.2647709548473358
0.24098962545394897
0.257414847612381
0.20737649500370026
0.295350044965744
0.26591092348098755
0.25979897379875183
0.27354514598846436
0.25817736983299255
0.21538811922073364
0.24092046916484833
0.2521857023239136
0.25861865282058716
0.2362697422504425
0.2339673638343811
0.2297455221414566
0.27150359749794006
0.2691974639892578
0.2984347641468048
0.2707552909851074
0.28932684659957886
0.2671641409397125
0.2714804708957672
0.23604588210582733
0.2782254219055176
0.21075768768787384
0.25024765729904175
0.22091808915138245
0.24633070826530457
0.2009764164686203
0.20778606832027435
0.24976451694965363
0.23470693826675415
0.2635105848312378
0.2445700466632843
0.26029253005981445
0.2650705575942993
0.24100269377231598
0.2745923101902008
0.29902368783950806
0.26325374841690063
0.2727692723274231
0.24636702239513397
0.2707121968269348
0.21463607251644135
0.25970157980918884
0.26804399490356445
0.2592504322528839
0.22369690239429474
0.23334164917469025
0.3203797936439514
0.2638322114944458
0.2712373733520508
0.2768411636352539
0.1987922638654709
0.2369740605354309
0.21325676143169403
0.2693578004837036
0.2568143904209137
0.24094080924987793
0.26961690187454224
0.29794490337371826
0.3215135633945465
0.2994457185268402
0.29925209283828735
0.3060472309589386
0.21334275603294373
0.2512933313846588
0.28784894943237305
0.24725580215454102
0.31151825189590454
0.2349015325307846
0.30496862530708313
0.2448880821466446
0.31023654341697693
0.2814556062221527
0.3000603914260864
0.2457040399312973
0.2465953677892685
0.2413671761751175
0.2500232458114624
0.23574477434158325
0.25434502959251404
0.262400358915329
0.2824692130088806
0.24221301078796387
0.24610283970832825
0.2624102234840393
0.28719988465309143
0.2386332005262375
0.27225804328918457
0.26803499460220337
0.2189585417509079
0.24913939833641052
0.2703304588794708
0.25755512714385986
0.27137327194213867
0.3084851801395416
0.2538454830646515
0.26946744322776794
0.2324228733778
0.24461165070533752
0.26417696475982666
0.24336224794387817
0.27378806471824646
0.2807837128639221
0.24092240631580353
0.2606065273284912
0.24372823536396027
0.25951310992240906
0.226771280169487
0.22894972562789917
0.25349509716033936
0.24160178005695343
0.26896488666534424
0.2610904574394226
0.2498094141483307
0.28051626682281494
0.2258571982383728
0.24772070348262787
0.287126749753952
0.26411646604537964
0.3133470118045807
0.24975228309631348
0.3184675872325897
0.291439026594162
0.23193518817424774
0.21656325459480286
0.23464028537273407
0.1937440037727356
0.2521984577178955
0.2588373124599457
0.25703030824661255
0.25078752636909485
0.28051820397377014
0.2538968026638031
0.22592313587665558
0.26437509059906006
0.21131575107574463
0.227950319647789
0.2453489452600479
0.2602642774581909
0.2231273651123047
0.23023772239685059
0.24454694986343384
0.24866876006126404
0.23372158408164978
0.31451743841171265
0.22419218719005585
0.2318980097770691
0.28321588039398193
0.21838071942329407
0.2128041535615921
0.23369738459587097
0.23584212362766266
0.3034948706626892
0.30652204155921936
0.2816319763660431
0.1905645877122879
0.23171721398830414
0.21980232000350952
0.20391714572906494
0.2708835005760193
0.2676762342453003
0.25240442156791687
0.2345716804265976
0.22167284786701202
0.24792559444904327
0.24487464129924774
0.2690867483615875
0.20886512100696564
0.21778102219104767
0.24928037822246552
0.25413206219673157
0.23550446331501007
0.18372702598571777
0.21613247692584991
0.23347008228302002
0.23464442789554596
0.2552104592323303
0.24851161241531372
0.2179165482521057
0.24329964816570282
0.2035609781742096
0.25371384620666504
0.24472591280937195
0.24130529165267944
0.21630233526229858
0.21980375051498413
0.2699833810329437
0.24536901712417603
0.2058078497648239
0.20996107161045074
0.2294393926858902
0.2675120532512665
0.2749275267124176
0.2709507942199707
0.2521216571331024
0.22216054797172546
0.26941442489624023
0.2418275773525238
0.271594375371933
0.26764512062072754
0.24332068860530853
0.25670814514160156
0.2896145284175873
0.23980562388896942
0.29354485869407654
0.25400876998901367
0.25205957889556885
0.2617686092853546
0.22097718715667725
0.23112423717975616
0.2451268583536148
0.23646771907806396
0.234507754445076
0.2853952944278717
0.27594202756881714
0.20872031152248383
0.2553764283657074
0.2631937265396118
0.2831600308418274
0.2180621325969696
0.2531631290912628
0.24728600680828094
0.2532278597354889
0.24554060399532318
0.2678769826889038
0.23323722183704376
0.22150248289108276
0.2440333068370819
0.25480255484580994
0.2900412082672119
0.27460744976997375
0.2687695622444153
0.27570098638534546
0.2652278244495392
0.2755732238292694
0.27691367268562317
0.28759124875068665
0.29603311419487
0.2897222638130188
0.2479894757270813
0.26919785141944885
0.2068243771791458
0.29557499289512634
0.29719555377960205
0.22646358609199524
0.28703776001930237
0.28780704736709595
0.25301089882850647
0.2778207063674927
0.23166850209236145
0.2763981223106384
0.28102147579193115
0.30419519543647766
0.27884379029273987
0.2855949401855469
0.27196499705314636
0.22261229157447815
0.28890982270240784
0.2459980994462967
0.2815997004508972
0.24500772356987
0.28268206119537354
0.26504310965538025
0.30652889609336853
0.3244541585445404
0.2549028694629669
0.2566242218017578
0.22837242484092712
0.2554800808429718
0.27537888288497925
0.2485019862651825
0.2601693272590637
0.24875099956989288
0.2226494401693344
0.19757837057113647
0.2603698968887329
0.23852188885211945
0.22941391170024872
0.25052115321159363
0.2819097936153412
0.21307648718357086
0.25998759269714355
0.2760383188724518
0.23165316879749298
0.21684831380844116
0.20817428827285767
0.25727954506874084
0.19283807277679443
0.2647373080253601
0.22929981350898743
0.23867186903953552
0.31208646297454834
0.2696526348590851
0.3039197027683258
0.2730203866958618
0.2428247481584549
0.2574300169944763
0.22441592812538147
0.24920493364334106
0.27147719264030457
0.26183071732521057
0.259284645318985
0.268869012594223
0.27161192893981934
0.21914070844650269
0.24742522835731506
0.2538689374923706
0.2525560259819031
0.27894607186317444
0.243557408452034
0.2522975206375122
0.2749409079551697
0.2675308883190155
0.2619056701660156
0.30079877376556396
0.3068605959415436
0.23409797251224518
0.2767336964607239
0.291288286447525
0.26309144496917725
0.2576747536659241
0.2975012958049774
0.260492742061615
0.2189600020647049
0.2422046810388565
0.24839091300964355
0.2600799798965454
0.24702821671962738
0.2366265505552292
0.2688438892364502
0.2334676831960678
0.2704218924045563
0.2876768410205841
0.30273720622062683
0.28970301151275635
0.23879128694534302
0.26887962222099304
0.25353121757507324
0.22685861587524414
0.27074965834617615
0.24564799666404724
0.2913423180580139
0.2634476125240326
0.30055832862854004
0.26488015055656433
0.23506106436252594
0.30403831601142883
0.2578415870666504
0.26350945234298706
0.24777357280254364
0.28154247999191284
0.220592200756073
0.2304665893316269
0.2374364733695984
0.263085275888443
0.2532334625720978
0.269046425819397
0.2343563586473465
0.246770441532135
0.2840193212032318
0.2704985737800598
0.2631286680698395
0.300670862197876
0.26971548795700073
0.2570878565311432
0.237604022026062
0.2723768353462219
0.21379446983337402
0.28148919343948364
0.26919251680374146
0.2710552215576172
0.21157114207744598
0.25428688526153564
0.2751602232456207
0.2628203332424164
0.27394819259643555
0.2793263792991638
0.2633572518825531
0.2369564175605774
0.2759508192539215
0.27986857295036316
0.2606719136238098
0.24921776354312897
0.2649480700492859
0.2941259741783142
0.2677021324634552
0.2909057140350342
0.22785590589046478
0.22901493310928345
0.2195287048816681
0.24998295307159424
0.2742372155189514
0.2716759443283081
0.2345343828201294
0.23505239188671112
0.21069736778736115
0.26873287558555603
0.2829643189907074
0.21335503458976746
0.241784930229187
0.26106446981430054
0.27426642179489136
0.23964208364486694
0.24762751162052155
0.25540077686309814
0.2644102871417999
0.2585129141807556
0.29234179854393005
0.23469839990139008
0.22385218739509583
0.2604534924030304
0.2885906398296356
0.20463840663433075
0.26104623079299927
0.22433581948280334
0.2595674693584442
0.28451934456825256
0.25363889336586
0.23916366696357727
0.2605992555618286
0.2705974578857422
0.24602638185024261
0.20597021281719208
0.23521648347377777
0.2501797080039978
0.21890656650066376
0.20729650557041168
0.27451184391975403
0.28591543436050415
0.24482204020023346
0.23528553545475006
0.2557695806026459
0.2535896599292755
0.27510055899620056
0.2683582305908203
0.22258687019348145
0.23128418624401093
0.2580471932888031
0.24020075798034668
0.220875084400177
0.2592319846153259
0.2534460425376892
0.26809147000312805
0.23457340896129608
0.2677925229072571
0.2995949387550354
0.29667928814888
0.23426225781440735
0.2937314510345459
0.2958131432533264
0.2686253488063812
0.2879887521266937
0.3153236508369446
0.2472374439239502
0.25182926654815674
0.27329352498054504
0.24028156697750092
0.2141667902469635
0.21956975758075714
0.23799948394298553
0.2432066798210144
0.22507165372371674
0.2586965262889862
0.2999635338783264
0.2845766544342041
0.2493211030960083
0.24085290729999542
0.25117501616477966
0.23802925646305084
0.2555381953716278
0.22216972708702087
0.24605558812618256
0.239378422498703
0.2238592952489853
0.2436639815568924
0.279809832572937
0.25299522280693054
0.23249202966690063
0.2515190839767456
0.2690788209438324
0.21214817464351654
0.26313138008117676
0.24917085468769073
0.23134788870811462
0.2477818876504898
0.22413089871406555
0.2496480494737625
0.23169268667697906
0.2497287392616272
0.25568875670433044
0.27561846375465393
0.26454418897628784
0.26397982239723206
0.23975424468517303
0.21331366896629333
0.22433999180793762
0.21628783643245697
0.22103558480739594
0.2525733411312103
0.24290604889392853
0.21516278386116028
0.21239663660526276
0.25049275159835815
0.26366573572158813
0.25734755396842957
0.2443995475769043
0.2354867309331894
0.27088168263435364
0.28328993916511536
0.2503962814807892
0.2435680627822876
0.25015881657600403
0.2354104071855545
0.25112682580947876
0.26165124773979187
0.24635227024555206
0.22755146026611328
0.2306550294160843
0.27767255902290344
0.24916967749595642
0.2591497302055359
0.26721736788749695
0.29736071825027466
0.25952211022377014
0.25893718004226685
0.3096822500228882
0.27586477994918823
0.2542892098426819
0.2799520194530487
0.24219545722007751
0.26333799958229065
0.2530529797077179
0.25297805666923523
0.24152825772762299
0.24649085104465485
0.2578682005405426
0.25131672620773315
0.2543056309223175
0.265202134847641
0.24240294098854065
0.2224126011133194
0.2396843433380127
0.27900493144989014
0.2323489636182785
0.2633225917816162
0.22345001995563507
0.23136325180530548
0.22979775071144104
0.22457630932331085
0.21145270764827728
0.24777713418006897
0.2296350747346878
0.20391498506069183
0.22275297343730927
0.2578393816947937
0.24267098307609558
0.26525530219078064
0.2037477344274521
0.23312018811702728
0.2896287143230438
0.20335771143436432
0.2579766809940338
0.2922675311565399
0.22149567306041718
0.2587282359600067
0.24417099356651306
0.22826461493968964
0.2459663301706314
0.2849004566669464
0.2552562355995178
0.23284097015857697
0.22177286446094513
0.2109910398721695
0.21712736785411835
0.29228219389915466
0.22937001287937164
0.22917181253433228
0.2436860352754593
0.25369691848754883
0.25389018654823303
0.24342961609363556
0.26022639870643616
0.24373607337474823
0.21749715507030487
0.2862704396247864
0.2934614419937134
0.2625664174556732
0.2874149680137634
0.2299106866121292
0.22839000821113586
0.23182086646556854
0.24216730892658234
0.22069896757602692
0.27567142248153687
0.2737322151660919
0.2678990066051483
0.24552226066589355
0.26954057812690735
0.22617165744304657
0.25261783599853516
0.21835407614707947
0.30172014236450195
0.26267582178115845
0.24721965193748474
0.25705480575561523
0.29091590642929077
0.272998183965683
0.258027046918869
0.2619248926639557
0.309202641248703
0.2749461829662323
0.22960682213306427
0.2535059154033661
0.236593559384346
0.274933785200119
0.2752324342727661
0.22598440945148468
0.25274232029914856
0.2881178557872772
0.23930682241916656
0.25042954087257385
0.26754456758499146
0.2491469383239746
0.23180176317691803
0.22543685138225555
0.24304677546024323
0.2602106034755707
0.3032812774181366
0.24224714934825897
0.2500041723251343
0.2404654622077942
0.3055863380432129
0.2841598391532898
0.25485658645629883
0.2536076605319977
0.269413024187088
0.27980345487594604
0.2210245430469513
0.23988564312458038
0.24248972535133362
0.24558207392692566
0.20152775943279266
0.27742210030555725
0.20938290655612946
0.24419346451759338
0.23576027154922485
0.2582385838031769
0.2041209638118744
0.2240258902311325
0.26591646671295166
0.20615701377391815
0.2631819546222687
0.2620558440685272
0.22251170873641968
0.28766584396362305
0.26028910279273987
0.2609758675098419
0.25837257504463196
0.2280556708574295
0.28791874647140503
0.24717454612255096
0.26242634654045105
0.25671714544296265
0.2472161054611206
0.28656700253486633
0.252026230096817
0.26320669054985046
0.21451108157634735
0.2754996716976166
0.22984331846237183
0.2585938274860382
0.25111472606658936
0.24058526754379272
0.26237332820892334
0.21657514572143555
0.22384832799434662
0.29778775572776794
0.2979480028152466
0.2292151302099228
0.2308770716190338
0.2536146342754364
0.28368377685546875
0.2626250088214874
0.2518310844898224
0.2827249765396118
0.2679510712623596
0.24821847677230835
0.24928595125675201
0.24550320208072662
0.23009715974330902
0.25900328159332275
0.25318416953086853
0.2347278743982315
0.2707507312297821
0.2663921117782593
0.2530614733695984
0.22993141412734985
0.2518448531627655
0.2595110833644867
0.2479204386472702
0.22337962687015533
0.2858840823173523
0.22068282961845398
0.242264524102211
0.28652510046958923
0.24367335438728333
0.27257856726646423
0.23470863699913025
0.24208736419677734
0.2811480760574341
0.2515678405761719
0.2574332058429718
0.249116450548172
0.2587748169898987
0.2529364824295044
0.2418263554573059
0.22289308905601501
0.2730261981487274
0.26575303077697754
0.23954814672470093
0.2645556926727295
0.2602766752243042
0.23096461594104767
0.2496214658021927
0.26219719648361206
0.2614799737930298
0.2749379575252533
0.27532294392585754
0.27877867221832275
0.26403161883354187
0.19591760635375977
0.2784232199192047
0.2698681652545929
0.27347633242607117
0.2544739842414856
0.25864019989967346
0.2439318597316742
0.19796031713485718
0.25019821524620056
0.2140824794769287
0.26586368680000305
0.2539516091346741
0.2222367525100708
0.2173115611076355
0.2660371661186218
0.268020898103714
0.2497333437204361
0.24939431250095367
0.22546939551830292
0.2995835244655609
0.2907593250274658
0.24239103496074677
0.2973693311214447
0.291642427444458
0.27451953291893005
0.2687954902648926
0.2795785665512085
0.2331484854221344
0.3004707098007202
0.2634120285511017
0.2491239756345749
0.25380221009254456
0.3044140934944153
0.2805075943470001
0.25576838850975037
0.27562713623046875
0.24802404642105103
0.2259698212146759
0.23119120299816132
0.26853641867637634
0.24666251242160797
0.23394475877285004
0.23850961029529572
0.25918006896972656
0.2374284416437149
0.1894262582063675
0.22952137887477875
0.23601926863193512
0.2071097046136856
0.2566926181316376
0.2757292091846466
0.22709687054157257
0.24740494787693024
0.23233473300933838
0.25633054971694946
0.2302495390176773
0.23900867998600006
0.24061861634254456
0.25464311242103577
0.28489428758621216
0.25099673867225647
0.30490708351135254
0.2759891748428345
0.2344522774219513
0.27725377678871155
0.24248047173023224
0.25071996450424194
0.23988671600818634
0.22825346887111664
0.2601010501384735
0.24885191023349762
0.22756637632846832
0.25457605719566345
0.25328871607780457
0.28582966327667236
0.25796544551849365
0.27095749974250793
0.2647562623023987
0.26299408078193665
0.25376808643341064
0.27574145793914795
0.2815245985984802
0.27312880754470825
0.3003348708152771
0.22761090099811554
0.25372013449668884
0.19241145253181458
0.2745629549026489
0.24747854471206665
